Original Order,Name,Title,Company,Youtube URL,Company Website,Source,Domain Notes,Confidence,LinkedIn Search URL,Employment Verified,Verification Source,Verified At
0,Donna Johnson,Chief Marketing Officer,Inseego,https://www.youtube.com/watch?v=mwlCTdYh0uM,https://inseego.com/,https://inseego.com/,mapped_known_domain,high,https://www.linkedin.com/search/results/all/?keywords=Donna%20Johnson%20Inseego,no,,
1,Julia Chen,Vice President,AWS,https://www.youtube.com/watch?v=VkMVaML9yBc,https://aws.amazon.com/,https://aws.amazon.com/,mapped_known_domain,high,https://www.linkedin.com/search/results/all/?keywords=Julia%20Chen%20AWS,no,,
3,Andreas Urschitz,CMO,Infineon,https://www.youtube.com/watch?v=QUgwtmPtN8A,https://www.infineon.com,https://www.infineon.com,mapped_known_domain,high,https://www.linkedin.com/search/results/all/?keywords=Andreas%20Urschitz%20Infineon,no,,
4,Robert Occhialini,Chief Technology Officer,World Surf League,https://www.youtube.com/watch?v=VkMVaML9yBc,https://www.worldsurfleague.com/,https://www.worldsurfleague.com/,mapped_known_domain,high,https://www.linkedin.com/search/results/all/?keywords=Robert%20Occhialini%20World%20Surf%20League,no,,
5,Akanksha Mehrotra,Corporate VP,AMD,https://www.youtube.com/watch?v=Qcr0kreCqcI,https://www.amd.com/en.html,https://www.amd.com/en.html,mapped_known_domain,high,https://www.linkedin.com/search/results/all/?keywords=Akanksha%20Mehrotra%20AMD,no,,
6,Gabriel Romero,Chief Marketing Officer,AllCloud,https://www.youtube.com/watch?v=VkMVaML9yBc,https://allcloud.com/,https://allcloud.com/,verified_from_slug,medium,https://www.linkedin.com/search/results/all/?keywords=Gabriel%20Romero%20AllCloud,no,,
8,Julie Neumann,Chief Marketing Officer,Honeycomb.io,https://www.youtube.com/watch?v=mIMHw1U2BPg,https://www.honeycomb.io/,https://www.honeycomb.io/,mapped_known_domain,high,https://www.linkedin.com/search/results/all/?keywords=Julie%20Neumann%20Honeycomb.io,yes,https://www.honeycomb.io/,2026-01-01
10,Scott Baker,CMO,IBM,https://www.youtube.com/watch?v=Q0M71wpg9_U,https://www.ibm.com/in-en,https://www.ibm.com/in-en,mapped_known_domain,high,https://www.linkedin.com/search/results/all/?keywords=Scott%20Baker%20IBM,no,,
11,Julia White,Chief Marketing Officer,AWS,https://www.youtube.com/watch?v=cf5zcktAe4c,https://aws.amazon.com/,https://aws.amazon.com/,mapped_known_domain,high,https://www.linkedin.com/search/results/all/?keywords=Julia%20White%20AWS,no,,
12,Craig Le Clair,VP,Forrester Research,https://www.youtube.com/watch?v=dUPuYKVOeWM,https://www.forrester.com/bold/,https://www.forrester.com/bold/,mapped_known_domain,high,https://www.linkedin.com/search/results/all/?keywords=Craig%20Le%20Clair%20Forrester%20Research,no,,
13,Dimitri Vlachos,Chief Marketing Officer,Spacelift,https://www.youtube.com/watch?v=frTd_wndh_U,https://spacelift.io/,https://spacelift.io/,mapped_known_domain,high,https://www.linkedin.com/search/results/all/?keywords=Dimitri%20Vlachos%20Spacelift,no,,
14,Bob Parker,SVP Industry,IDC,https://www.youtube.com/watch?v=v_Pez3nFY08,https://www.idc.com/,https://www.idc.com/,mapped_known_domain,high,https://www.linkedin.com/search/results/all/?keywords=Bob%20Parker%20IDC,no,,
15,Bhaskar Krishnamsetty,Chief Product Officer,Fabrix.ai,https://www.youtube.com/watch?v=3U67KyFvB5M,https://www.fabrix.ai/,https://www.fabrix.ai/,verified_from_mapping,high,https://www.linkedin.com/search/results/all/?keywords=Bhaskar%20Krishnamsetty%20Fabrix.ai,no,,
16,Ted Marena,Director,AMD,https://www.youtube.com/watch?v=Yl7jJdT2XY0,https://www.amd.com/en.html,https://www.amd.com/en.html,mapped_known_domain,high,https://www.linkedin.com/search/results/all/?keywords=Ted%20Marena%20AMD,no,,
18,Scott Baker,CMO & VP,IBM,https://www.youtube.com/watch?v=l4obGIVgnV4,https://www.ibm.com/in-en,https://www.ibm.com/in-en,mapped_known_domain,high,https://www.linkedin.com/search/results/all/?keywords=Scott%20Baker%20IBM,no,,
19,Shailesh Manjrekar,Chief Marketing & AI Officer,Fabrix.ai,https://www.youtube.com/watch?v=3U67KyFvB5M,https://www.fabrix.ai/,https://www.fabrix.ai/,mapped_known_domain,high,https://www.linkedin.com/search/results/all/?keywords=Shailesh%20Manjrekar%20Fabrix.ai,yes,https://www.fabrix.ai/,2026-01-01
20,Vedat Akgun,VP,Teradata,https://www.youtube.com/watch?v=xpQPPGeMJLM,https://www.teradata.com/,https://www.teradata.com/,mapped_known_domain,high,https://www.linkedin.com/search/results/all/?keywords=Vedat%20Akgun%20Teradata,no,,
21,Kevin Cochrane,Chief Marketing Officer,Vultr,https://www.youtube.com/watch?v=jVSpDBxDSmk,https://www.vultr.com/,https://www.vultr.com/,mapped_known_domain,high,https://www.linkedin.com/search/results/all/?keywords=Kevin%20Cochrane%20Vultr,yes,https://www.vultr.com/news/,2026-01-01
22,Jan Murry,Director of Internal Audit,GE Aerospace,https://www.youtube.com/watch?v=9N7AqZLq5ic,https://www.geaerospace.com/,https://www.geaerospace.com/,mapped_known_domain,high,https://www.linkedin.com/search/results/all/?keywords=Jan%20Murry%20GE%20Aerospace,no,,
23,Tim Minihan,EVP of Strategy,Citrix,https://www.youtube.com/watch?v=XhQElqVp6hA,https://www.citrix.com/,https://www.citrix.com/,mapped_known_domain,high,https://www.linkedin.com/search/results/all/?keywords=Tim%20Minihan%20Citrix,no,,
24,April Crichlow,Chief Marketing Officer,AuditBoard,https://www.youtube.com/watch?v=9N7AqZLq5ic,https://auditboard.com/,https://auditboard.com/,mapped_known_domain,high,https://www.linkedin.com/search/results/all/?keywords=April%20Crichlow%20AuditBoard,yes,https://auditboard.com/about-us,2026-01-01
25,Maria Winanas,CMO,IBM,https://www.youtube.com/watch?v=qhAY5tNikuI,https://www.ibm.com/in-en,https://www.ibm.com/in-en,mapped_known_domain,high,https://www.linkedin.com/search/results/all/?keywords=Maria%20Winanas%20IBM,no,,
26,Michael Atalla,Chief Marketing Officer,UiPath,https://www.youtube.com/watch?v=OlIk0dv-kRk,https://www.uipath.com/,https://www.uipath.com/,mapped_known_domain,high,https://www.linkedin.com/search/results/all/?keywords=Michael%20Atalla%20UiPath,no,,
27,Joe Damassa,VP Strategy,IBM,https://www.youtube.com/watch?v=R45wobxqmGs,https://www.ibm.com/in-en,https://www.ibm.com/in-en,mapped_known_domain,high,https://www.linkedin.com/search/results/all/?keywords=Joe%20Damassa%20IBM,no,,
28,Monica Kumar,SVP,Nutanix,https://www.youtube.com/watch?v=fNZgmWb6008,https://www.nutanix.com/,https://www.nutanix.com/,mapped_known_domain,high,https://www.linkedin.com/search/results/all/?keywords=Monica%20Kumar%20Nutanix,no,,
29,Michael Nicosia,Co-Founder & COO,Salt Security,https://www.youtube.com/watch?v=g3LhSzFiz1c,https://salt.security/,https://salt.security/,mapped_known_domain,high,https://www.linkedin.com/search/results/all/?keywords=Michael%20Nicosia%20Salt%20Security,yes,https://salt.security/about-us,2026-01-01
30,Michael Callahan,Chief Marketing Officer,Salt Security,https://www.youtube.com/watch?v=g3LhSzFiz1c,https://salt.security/,https://salt.security/,mapped_known_domain,high,https://www.linkedin.com/search/results/all/?keywords=Michael%20Callahan%20Salt%20Security,yes,https://salt.security/about-us,2026-01-01
31,John Magee,CMO,General Electric,https://www.youtube.com/watch?v=i47gqRqQVvA,https://www.ge.com/,https://www.ge.com/,verified_from_slug,medium,https://www.linkedin.com/search/results/all/?keywords=John%20Magee%20General%20Electric,no,,
33,Jennifer “JJ” Johnson,Chief Marketing Officer,CrowdStrike,https://www.youtube.com/watch?v=CY2-eDU4KGo,https://www.crowdstrike.com/en-us/,https://www.crowdstrike.com/en-us/,mapped_known_domain,high,https://www.linkedin.com/search/results/all/?keywords=Jennifer%20%E2%80%9CJJ%E2%80%9D%20Johnson%20CrowdStrike,yes,https://www.crowdstrike.com/en-us/about-us/executive-team/,2026-01-01
34,Amy Luca,Chief Marketing Officer,Tensor,https://www.youtube.com/watch?v=O_QD9k9UD78,https://tensorsecurity.com/,https://tensorsecurity.com/,mapped_known_domain,high,https://www.linkedin.com/search/results/all/?keywords=Amy%20Luca%20Tensor,no,,
35,Jyothi Swaroop,Chief Marketing Officer,DDN,https://www.youtube.com/watch?v=cUBrsLhaJ28,https://www.ddn.com/,https://www.ddn.com/,mapped_known_domain,high,https://www.linkedin.com/search/results/all/?keywords=Jyothi%20Swaroop%20DDN,yes,https://www.ddn.com/leadership/,2026-01-01
36,Mick Hollison,Founder & CEO,Redline Advisors,https://www.youtube.com/watch?v=uHlrQWbdP7A,https://redlineadvisors.com/,https://redlineadvisors.com/,mapped_known_domain,high,https://www.linkedin.com/search/results/all/?keywords=Mick%20Hollison%20Redline%20Advisors,no,,
37,Bernd Greifeneder,Chief Technology Officer & Founder,Dynatrace,https://www.youtube.com/watch?v=6bBI-WZYvTo,https://www.dynatrace.com/,https://www.dynatrace.com/,mapped_known_domain,high,https://www.linkedin.com/search/results/all/?keywords=Bernd%20Greifeneder%20Dynatrace,no,,
38,Laura Heisman,Chief Marketing Officer,Dynatrace,https://www.youtube.com/watch?v=6bBI-WZYvTo,https://www.dynatrace.com/,https://www.dynatrace.com/,mapped_known_domain,high,https://www.linkedin.com/search/results/all/?keywords=Laura%20Heisman%20Dynatrace,no,,
39,Ariel Wengroff,Chief Marketing Officer,Ledger,https://www.youtube.com/watch?v=kJoFVfIjcbw,https://www.ledger.com/,https://www.ledger.com/,mapped_known_domain,high,https://www.linkedin.com/search/results/all/?keywords=Ariel%20Wengroff%20Ledger,no,,
40,Alison Wagonfeld,Chief Marketing Officer,Google Cloud,https://www.youtube.com/watch?v=wpqfZCx5Dcg,https://cloud.google.com/,https://cloud.google.com/,mapped_known_domain,high,https://www.linkedin.com/search/results/all/?keywords=Alison%20Wagonfeld%20Google%20Cloud,no,,
41,Betty Junod,Chief Marketing Officer,Heroku,https://www.youtube.com/watch?v=zn9v0SeTAS8,https://www.heroku.com/,https://www.heroku.com/,mapped_known_domain,high,https://www.linkedin.com/search/results/all/?keywords=Betty%20Junod%20Heroku,no,,
43,Mitch Seigle,Chief Marketing Officer,Spectra Logic,https://www.youtube.com/watch?v=iCQQVfUQKwk,https://spectralogic.com/,https://spectralogic.com/,mapped_known_domain,high,https://www.linkedin.com/search/results/all/?keywords=Mitch%20Seigle%20Spectra%20Logic,yes,https://spectralogic.com/company/management-team/,2026-01-01
44,Eric Herzog,Chief Marketing Officer,Infinidat,https://www.youtube.com/watch?v=yOyt1xUZuSI,https://www.infinidat.com/en,https://www.infinidat.com/en,mapped_known_domain,high,https://www.linkedin.com/search/results/all/?keywords=Eric%20Herzog%20Infinidat,yes,https://www.infinidat.com/leadership-team,2026-01-01
45,Danielle Goode Coady,VP of Marketing,Index Engines,https://www.youtube.com/watch?v=yOyt1xUZuSI,https://indexengines.com/,https://indexengines.com/,mapped_known_domain,high,https://www.linkedin.com/search/results/all/?keywords=Danielle%20Goode%20Coady%20Index%20Engines,no,,
47,Jim McGann,Chief Marketing Officer,Index Engines,https://www.youtube.com/watch?v=pVI99Hl1-9k,https://indexengines.com/,https://indexengines.com/,mapped_known_domain,high,https://www.linkedin.com/search/results/all/?keywords=Jim%20McGann%20Index%20Engines,yes,https://indexengines.com/about-us/leadership/,2026-01-01
49,Tim Freestone,Chief Marketing Officer,Kiteworks,https://www.youtube.com/watch?v=9HQ3F7uU_Wc,https://www.kiteworks.com/,https://www.kiteworks.com/,mapped_known_domain,high,https://www.linkedin.com/search/results/all/?keywords=Tim%20Freestone%20Kiteworks,yes,https://www.kiteworks.com/company/management/,2026-01-01
50,Adam Berlew,Chief Marketing Officer,Equinix,https://www.youtube.com/watch?v=ddoYgwVqZzs,https://www.equinix.com/,https://www.equinix.com/,mapped_known_domain,high,https://www.linkedin.com/search/results/all/?keywords=Adam%20Berlew%20Equinix,yes,https://www.equinix.com/about/leadership,2026-01-01
51,Josh Harbert,SVP & CMO,Couchbase,https://www.youtube.com/watch?v=RxK4bplhGYw,https://www.couchbase.com/,https://www.couchbase.com/,mapped_known_domain,high,https://www.linkedin.com/search/results/all/?keywords=Josh%20Harbert%20Couchbase,yes,https://www.couchbase.com/leadership/,2026-01-01
52,Matt McDonough,SVP of Product,Couchbase,https://www.youtube.com/watch?v=RxK4bplhGYw,https://www.couchbase.com/,https://www.couchbase.com/,mapped_known_domain,high,https://www.linkedin.com/search/results/all/?keywords=Matt%20McDonough%20Couchbase,no,,
53,Steven Van Zanen,Chief Marketing Officer,BroadForward,https://www.youtube.com/watch?v=_lN5T2TEiWY,https://www.broadforward.com/,https://www.broadforward.com/,mapped_known_domain,high,https://www.linkedin.com/search/results/all/?keywords=Steven%20Van%20Zanen%20BroadForward,no,,
54,Shlomo Kramer,Co-Founder & CEO,Cato Networks,https://www.youtube.com/watch?v=3_Y-QFr_U7k,https://www.catonetworks.com/,https://www.catonetworks.com/,verified_from_mapping,high,https://www.linkedin.com/search/results/all/?keywords=Shlomo%20Kramer%20Cato%20Networks,no,,
55,Sarbjeet Johal,Founder & CEO,Stackpane,https://www.youtube.com/watch?v=zF9IycsTdsA,https://stackpane.com/,https://stackpane.com/,mapped_known_domain,high,https://www.linkedin.com/search/results/all/?keywords=Sarbjeet%20Johal%20Stackpane,no,,
56,Chandra Rangan,Chief Marketing Officer,Neo4j,https://www.youtube.com/watch?v=mqyji7RuLt8,https://neo4j.com/,https://neo4j.com/,mapped_known_domain,high,https://www.linkedin.com/search/results/all/?keywords=Chandra%20Rangan%20Neo4j,no,,
57,Sanjay Kumar,VP of Products & Marketing,Arrcus,https://www.youtube.com/watch?v=8ZhmX5YFDOg,https://arrcus.com/,https://arrcus.com/,mapped_known_domain,high,https://www.linkedin.com/search/results/all/?keywords=Sanjay%20Kumar%20Arrcus,yes,https://arrcus.com/team#leadership-team,2026-01-01
58,Rachel Thornton,Chief Marketing Officer,Adobe Enterprise,https://www.youtube.com/watch?v=W2hOMY8gmaE,https://www.adobe.com/,https://www.adobe.com/,mapped_known_domain,high,https://www.linkedin.com/search/results/all/?keywords=Rachel%20Thornton%20Adobe%20Enterprise,no,,
59,Isabelle Dumont,Chief Marketing Officer,DeNexus,https://www.youtube.com/watch?v=TCtoBjLG_hI,https://www.denexus.io/,https://www.denexus.io/,mapped_known_domain,high,https://www.linkedin.com/search/results/all/?keywords=Isabelle%20Dumont%20DeNexus,no,,
60,Surbhi Agarwal,Chief Marketing Officer,Applied Intuition,https://www.youtube.com/watch?v=9IW10uhF0r4,https://www.appliedintuition.com/,https://www.appliedintuition.com/,mapped_known_domain,high,https://www.linkedin.com/search/results/all/?keywords=Surbhi%20Agarwal%20Applied%20Intuition,no,,
61,JB Baker,Chief Marketing Officer,ScaleFlux,https://www.youtube.com/watch?v=tnqL1xnYkQY,,Company website not found - manual research required,not_found,low,https://www.linkedin.com/search/results/all/?keywords=JB%20Baker%20ScaleFlux,no,,
62,Mandy Dhaliwal,Chief Marketing Officer,Nutanix,https://www.youtube.com/watch?v=kaHLEWumVeI,https://www.nutanix.com/,https://www.nutanix.com/,verified_from_mapping,high,https://www.linkedin.com/search/results/all/?keywords=Mandy%20Dhaliwal%20Nutanix,yes,https://www.nutanix.com/company/leadership,2026-01-01
63,Julie Choi,Chief Marketing Officer,Cerebras,https://www.youtube.com/watch?v=mx3BnpjFAjQ,https://www.cerebras.ai/,https://www.cerebras.ai/,mapped_known_domain,high,https://www.linkedin.com/search/results/all/?keywords=Julie%20Choi%20Cerebras,no,,
65,Janine Gianfredi,Chief Marketing Officer,Transcarent,https://www.youtube.com/watch?v=ETrXwx0hehs,https://transcarent.com/,https://transcarent.com/,mapped_known_domain,high,https://www.linkedin.com/search/results/all/?keywords=Janine%20Gianfredi%20Transcarent,yes,https://transcarent.com/careers,2026-01-01
66,Carolyn Crandall,Chief Marketing Officer,AirMDR,https://www.youtube.com/watch?v=6N47AJ4X_po,https://airmdr.com/,https://airmdr.com/,mapped_known_domain,high,https://www.linkedin.com/search/results/all/?keywords=Carolyn%20Crandall%20AirMDR,no,,
67,Martina Trucco,Chief Marketing Officer,Bay,https://www.youtube.com/watch?v=r8Rn_oNTUAs,,Company website not found - manual research required,not_found,low,https://www.linkedin.com/search/results/all/?keywords=Martina%20Trucco%20Bay,no,,
68,Abhay Parasnis,Founder & CEO,Typeface,https://www.youtube.com/watch?v=U1jdmFW7-f4,https://www.typeface.ai:443/,https://www.typeface.ai:443/,mapped_known_domain,high,https://www.linkedin.com/search/results/all/?keywords=Abhay%20Parasnis%20Typeface,no,,
72,Rajan Sheth,Chief Marketing Officer,Together AI,https://www.youtube.com/watch?v=hQD76r0dnBE,https://www.together.ai/,https://www.together.ai/,mapped_known_domain,high,https://www.linkedin.com/search/results/all/?keywords=Rajan%20Sheth%20Together%20AI,no,,
73,Mark Heaps,VP of Brand & Chief Tech Evangelist,Groq,https://www.youtube.com/watch?v=6JFo7kjKhxc,https://groq.com/,https://groq.com/,mapped_known_domain,high,https://www.linkedin.com/search/results/all/?keywords=Mark%20Heaps%20Groq,no,,
75,Brooke Cunningham,Chief Marketing Officer,LogicMonitor,https://www.youtube.com/watch?v=vIcAdFeRykI,https://www.logicmonitor.com/,https://www.logicmonitor.com/,mapped_known_domain,high,https://www.linkedin.com/search/results/all/?keywords=Brooke%20Cunningham%20LogicMonitor,no,,
76,Jen Jones,Chief Marketing Officer,commercetools,https://www.youtube.com/watch?v=Vv5sPtcP9Dw,https://commercetools.com/,https://commercetools.com/,mapped_known_domain,high,https://www.linkedin.com/search/results/all/?keywords=Jen%20Jones%20commercetools,yes,http://commercetools.com/company/about,2026-01-01
77,Vidhya Srinivasan,Chief Marketing Officer,Prophix,https://www.youtube.com/watch?v=oRw33hnEh4I,https://www.prophix.com/,https://www.prophix.com/,mapped_known_domain,high,https://www.linkedin.com/search/results/all/?keywords=Vidhya%20Srinivasan%20Prophix,no,,
78,Gabie Boko,Chief Marketing Officer,NetApp,https://www.youtube.com/watch?v=kIDWket1tpQ,https://www.netapp.com/,https://www.netapp.com/,mapped_known_domain,high,https://www.linkedin.com/search/results/all/?keywords=Gabie%20Boko%20NetApp,no,,
79,Costa Kladianos,Head of Technology,San Francisco 49ers,https://www.youtube.com/watch?v=kIDWket1tpQ,https://www.49ers.com/,https://www.49ers.com/,mapped_known_domain,high,https://www.linkedin.com/search/results/all/?keywords=Costa%20Kladianos%20San%20Francisco%2049ers,no,,
80,Alison Biggan,Chief Marketing Officer,Boomi,https://www.youtube.com/watch?v=lMuKMGo_dDw,https://boomi.com/,https://boomi.com/,mapped_known_domain,high,https://www.linkedin.com/search/results/all/?keywords=Alison%20Biggan%20Boomi,no,,
81,Jenn Chase,CMO & EVP,SAS Institute,https://www.youtube.com/watch?v=5VFpCQnAGg8,https://www.sas.com/en_us/home.geo.html,https://www.sas.com/en_us/home.geo.html,mapped_known_domain,high,https://www.linkedin.com/search/results/all/?keywords=Jenn%20Chase%20SAS%20Institute,yes,https://www.sas.com/en_us/training/for-businesses.html,2026-01-01
82,Peter Linder,Head of Thought Leadership – North America,Ericsson,https://www.youtube.com/watch?v=5VFpCQnAGg8,,Company website not found - manual research required,not_found,low,https://www.linkedin.com/search/results/all/?keywords=Peter%20Linder%20Ericsson,no,,
83,Jacqueline Woods,Chief Marketing Officer,Teradata,https://www.youtube.com/watch?v=GetD8AvBwoQ,https://www.teradata.com/,https://www.teradata.com/,mapped_known_domain,high,https://www.linkedin.com/search/results/all/?keywords=Jacqueline%20Woods%20Teradata,no,,
84,Leon Mishkis,COO,NewtonX,https://www.youtube.com/watch?v=GetD8AvBwoQ,https://www.newtonx.com/,https://www.newtonx.com/,mapped_known_domain,high,https://www.linkedin.com/search/results/all/?keywords=Leon%20Mishkis%20NewtonX,yes,https://www.newtonx.com/case-study/tiktok-ai-automation-leadership-in-advertising/,2026-01-01
85,Paola Menegon,Head of Strategic Opportunities/Alliances,Aruba,https://www.youtube.com/watch?v=LIZMEVMLM0w,https://www.aruba.com/,https://www.aruba.com/,verified_from_slug,medium,https://www.linkedin.com/search/results/all/?keywords=Paola%20Menegon%20Aruba,no,,
86,Andy Hurt,Chief Marketing Officer,Cobalt Iron,https://www.youtube.com/watch?v=5dZjNUGXWJ0,https://www.cobaltiron.com/,https://www.cobaltiron.com/,mapped_known_domain,high,https://www.linkedin.com/search/results/all/?keywords=Andy%20Hurt%20Cobalt%20Iron,no,,
87,Jennifer Johnson (JJ),Chief Marketing Officer,CrowdStrike,https://www.youtube.com/watch?v=smKbeTv-zoQ,https://www.crowdstrike.com/en-us/,https://www.crowdstrike.com/en-us/,mapped_known_domain,high,https://www.linkedin.com/search/results/all/?keywords=Jennifer%20Johnson%20%28JJ%29%20CrowdStrike,yes,https://www.crowdstrike.com/en-us/about-us/executive-team/,2026-01-01
88,Jon Toor,Chief Marketing Officer,Cloudian,https://www.youtube.com/watch?v=V5WnpOpa3ms,,Company website not found - manual research required,not_found,low,https://www.linkedin.com/search/results/all/?keywords=Jon%20Toor%20Cloudian,no,,
89,Bobby Patrick,Chief Marketing Officer,UiPath,https://www.youtube.com/watch?v=dUPuYKVOeWM,https://www.uipath.com/,https://www.uipath.com/,mapped_known_domain,high,https://www.linkedin.com/search/results/all/?keywords=Bobby%20Patrick%20UiPath,no,,
90,Thomas Cornely,SVP Product Management,Nutanix,https://www.youtube.com/watch?v=v_Pez3nFY08,https://www.nutanix.com/,https://www.nutanix.com/,mapped_known_domain,high,https://www.linkedin.com/search/results/all/?keywords=Thomas%20Cornely%20Nutanix,yes,https://www.nutanix.com/company/leadership,2026-01-01
91,Tarkan Maner,Chief Commercial Officer,Nutanix,https://www.youtube.com/watch?v=goRuYv7mcC0,https://www.nutanix.com/,https://www.nutanix.com/,mapped_known_domain,high,https://www.linkedin.com/search/results/all/?keywords=Tarkan%20Maner%20Nutanix,yes,https://www.nutanix.com/company/leadership,2026-01-01
92,Justin Boitano,VP Enterprise AI,Nvidia,https://www.youtube.com/watch?v=goRuYv7mcC0,https://www.nvidia.com/en-in/,https://www.nvidia.com/en-in/,mapped_known_domain,high,https://www.linkedin.com/search/results/all/?keywords=Justin%20Boitano%20Nvidia,no,,
93,Denise Persson,Chief Marketing Officer,Snowflake,https://www.youtube.com/watch?v=T5tC_x6VkkM,https://www.snowflake.com/en/,https://www.snowflake.com/en/,mapped_known_domain,high,https://www.linkedin.com/search/results/all/?keywords=Denise%20Persson%20Snowflake,no,,
94,Mike Gannon,Chief Revenue Officer,Snowflake,https://www.youtube.com/watch?v=T5tC_x6VkkM,https://www.snowflake.com/en/,https://www.snowflake.com/en/,mapped_known_domain,high,https://www.linkedin.com/search/results/all/?keywords=Mike%20Gannon%20Snowflake,no,,
95,Chris Powell,Chief Marketing Officer,Qlik,https://www.youtube.com/watch?v=tWk07LzBMOI,https://www.qlik.com/us,https://www.qlik.com/us,mapped_known_domain,high,https://www.linkedin.com/search/results/all/?keywords=Chris%20Powell%20Qlik,yes,https://www.qlik.com/us/company,2026-01-01
96,Margaret Dawson,Chief Marketing Officer,Chronosphere,https://www.youtube.com/watch?v=HM9rlmkH47w,https://chronosphere.io/,https://chronosphere.io/,mapped_known_domain,high,https://www.linkedin.com/search/results/all/?keywords=Margaret%20Dawson%20Chronosphere,no,,
97,Bill Hineline,Field Chief Technology Officer,Chronosphere,https://www.youtube.com/watch?v=HM9rlmkH47w,https://chronosphere.io/,https://chronosphere.io/,mapped_known_domain,high,https://www.linkedin.com/search/results/all/?keywords=Bill%20Hineline%20Chronosphere,yes,https://chronosphere.io/about/,2026-01-01
98,Jean English,Chief Marketing Officer,Juniper Networks,https://www.youtube.com/watch?v=1AedCr4dTdA,https://www.juniper.net:443/,https://www.juniper.net:443/,verified_from_mapping,high,https://www.linkedin.com/search/results/all/?keywords=Jean%20English%20Juniper%20Networks,no,,
100,Brett Hannath,Corporate Vice President & CMO,Intel,https://www.youtube.com/watch?v=sAPATcXqel0,https://www.intel.com/,https://www.intel.com/,verified_from_mapping,high,https://www.linkedin.com/search/results/all/?keywords=Brett%20Hannath%20Intel,no,,
101,Jim Jackson,Chief Marketing Officer,HPE,https://www.youtube.com/watch?v=Yr9hzrbnw1s,https://www.hpe.com/us/en/home.html,https://www.hpe.com/us/en/home.html,mapped_known_domain,high,https://www.linkedin.com/search/results/all/?keywords=Jim%20Jackson%20HPE,no,,
102,Jason Netwon,VP Global Marketing,HPE,https://www.youtube.com/watch?v=Yr9hzrbnw1s,https://www.hpe.com/us/en/home.html,https://www.hpe.com/us/en/home.html,mapped_known_domain,high,https://www.linkedin.com/search/results/all/?keywords=Jason%20Netwon%20HPE,no,,
103,Jeff Veis,CMO,Impetus Technologies,https://www.youtube.com/watch?v=-ZEkQAUaCgE,https://www.impetus.com/,https://www.impetus.com/,mapped_known_domain,high,https://www.linkedin.com/search/results/all/?keywords=Jeff%20Veis%20Impetus%20Technologies,yes,https://www.impetus.com/about/meet-our-team/,2026-01-01
105,Ravi Kandikonda,Senior VP of Marketing,Zillow,https://www.youtube.com/watch?v=NHH2dtMVYjE,https://www.zillow.com/,https://www.zillow.com/,mapped_known_domain,high,https://www.linkedin.com/search/results/all/?keywords=Ravi%20Kandikonda%20Zillow,no,,
107,Jim Kruger,Chief Marketing Officer,Informatica,https://www.youtube.com/watch?v=cU2OgJtMGrs,https://www.informatica.com,https://www.informatica.com,mapped_known_domain,high,https://www.linkedin.com/search/results/all/?keywords=Jim%20Kruger%20Informatica,yes,https://www.informatica.com/about-us/company-information/leadership.html,2026-01-01
110,Abby Strong,CMO,Cribl,https://www.youtube.com/watch?v=1ei82jxf1kw,https://cribl.io/,https://cribl.io/,mapped_known_domain,high,https://www.linkedin.com/search/results/all/?keywords=Abby%20Strong%20Cribl,yes,https://cribl.io/about-us/,2026-01-01
112,Peder Ulander,CMO,MongoDB,https://www.youtube.com/watch?v=g8tEN9zNw-A,https://www.mongodb.com/,https://www.mongodb.com/,mapped_known_domain,high,https://www.linkedin.com/search/results/all/?keywords=Peder%20Ulander%20MongoDB,no,,
113,Mona Chadha,Director of Category Management,AWS,https://www.youtube.com/watch?v=g8tEN9zNw-A,https://aws.amazon.com/,https://aws.amazon.com/,mapped_known_domain,high,https://www.linkedin.com/search/results/all/?keywords=Mona%20Chadha%20AWS,no,,
117,Eric Hanson,CMO,Mitel,https://www.youtube.com/watch?v=gyqBD2Sa_H4,,Company website not found - manual research required,not_found,low,https://www.linkedin.com/search/results/all/?keywords=Eric%20Hanson%20Mitel,no,,
118,Luiz Domingos,CTO,Mitel,https://www.youtube.com/watch?v=gyqBD2Sa_H4,,Company website not found - manual research required,not_found,low,https://www.linkedin.com/search/results/all/?keywords=Luiz%20Domingos%20Mitel,no,,
123,Ian Massingham,CMO,Aiven,https://www.youtube.com/watch?v=qXNwmrolfeA,https://aiven.com/en/,https://aiven.com/en/,verified_from_slug,medium,https://www.linkedin.com/search/results/all/?keywords=Ian%20Massingham%20Aiven,no,,
124,"Duleepa ""Dups"" Wijayawardhana",CTO,Supermetrics,https://www.youtube.com/watch?v=qXNwmrolfeA,https://supermetrics.com,https://supermetrics.com,verified_from_slug,medium,https://www.linkedin.com/search/results/all/?keywords=Duleepa%20%22Dups%22%20Wijayawardhana%20Supermetrics,no,,
125,David Nicholson,Field CTO,Infinidat,https://www.youtube.com/watch?v=TZ4IVk8v-oU,https://www.infinidat.com/en,https://www.infinidat.com/en,mapped_known_domain,high,https://www.linkedin.com/search/results/all/?keywords=David%20Nicholson%20Infinidat,no,,
128,Laura Heisman,Chief Marketing Officer,VMware,https://www.youtube.com/watch?v=O6EDUm5h1XQ,https://www.vmware.com/,https://www.vmware.com/,mapped_known_domain,high,https://www.linkedin.com/search/results/all/?keywords=Laura%20Heisman%20VMware,no,,
129,Geoff Stedman,Chief Marketing Officer,SDVI Corporation,https://www.youtube.com/watch?v=Ml2KS1JtbuY,https://sdvi.com/,https://sdvi.com/,mapped_known_domain,high,https://www.linkedin.com/search/results/all/?keywords=Geoff%20Stedman%20SDVI%20Corporation,yes,https://sdvi.com/about/,2026-01-01
130,Meagen Eisenberg,CMO,Lacework,https://www.youtube.com/watch?v=7W8HKsRQ5zo,https://www.fortinet.com/products/forticnapp,https://www.fortinet.com/products/forticnapp,verified_from_slug,medium,https://www.linkedin.com/search/results/all/?keywords=Meagen%20Eisenberg%20Lacework,no,,
131,Rachel Thorton,Chief Marketing Officer,MessageBird,https://www.youtube.com/watch?v=5iuoFJsA-7M,https://bird.com,https://bird.com,mapped_known_domain,high,https://www.linkedin.com/search/results/all/?keywords=Rachel%20Thorton%20MessageBird,no,,
132,Andrea Euenheim,Chief People Officer,MessageBird,https://www.youtube.com/watch?v=5iuoFJsA-7M,https://bird.com,https://bird.com,mapped_known_domain,high,https://www.linkedin.com/search/results/all/?keywords=Andrea%20Euenheim%20MessageBird,no,,
133,Asha Thurthi,Chief Product Officer,MessageBird,https://www.youtube.com/watch?v=5iuoFJsA-7M,https://bird.com,https://bird.com,mapped_known_domain,high,https://www.linkedin.com/search/results/all/?keywords=Asha%20Thurthi%20MessageBird,no,,
134,Zeynep Ozdemir,CMO,Palo Alto Networks,https://www.youtube.com/watch?v=RC-yBQH7tOA,https://www.paloaltonetworks.com,https://www.paloaltonetworks.com,mapped_known_domain,high,https://www.linkedin.com/search/results/all/?keywords=Zeynep%20Ozdemir%20Palo%20Alto%20Networks,no,,
135,Thomas Been,Chief Marketing Officer,DataStax,https://www.youtube.com/watch?v=nqG0Xfs8uA8,https://www.ibm.com/products/datastax,https://www.ibm.com/products/datastax,mapped_known_domain,high,https://www.linkedin.com/search/results/all/?keywords=Thomas%20Been%20DataStax,no,,
136,John Kreisa,CMO,Couchbase,https://www.youtube.com/watch?v=yJpCravqCJk,https://www.couchbase.com/,https://www.couchbase.com/,mapped_known_domain,high,https://www.linkedin.com/search/results/all/?keywords=John%20Kreisa%20Couchbase,no,,
137,Tommy McClung,Co-Founder & CEO,Releasehub,https://www.youtube.com/watch?v=CQEM0li5rmQ,https://release.com/,https://release.com/,mapped_known_domain,high,https://www.linkedin.com/search/results/all/?keywords=Tommy%20McClung%20Releasehub,yes,https://release.com/company,2026-01-01
138,Matt Carter,CMO,Releasehub,https://www.youtube.com/watch?v=CQEM0li5rmQ,https://release.com/,https://release.com/,mapped_known_domain,high,https://www.linkedin.com/search/results/all/?keywords=Matt%20Carter%20Releasehub,no,,
139,Ashley Kramer,Chief Marketing Officer & Chief Product Officer,Sisense,https://www.youtube.com/watch?v=I0ooZnypHVQ,https://www.sisense.com/,https://www.sisense.com/,mapped_known_domain,high,https://www.linkedin.com/search/results/all/?keywords=Ashley%20Kramer%20Sisense,no,,
140,Ed Macosky,Head of Product,Boomi,https://www.youtube.com/watch?v=3-J9Jo7uZbI,https://boomi.com/,https://boomi.com/,mapped_known_domain,high,https://www.linkedin.com/search/results/all/?keywords=Ed%20Macosky%20Boomi,no,,
141,Mandy Dhaliwal,CMO,Boomi,https://www.youtube.com/watch?v=3-J9Jo7uZbI,https://boomi.com/,https://boomi.com/,mapped_known_domain,high,https://www.linkedin.com/search/results/all/?keywords=Mandy%20Dhaliwal%20Boomi,no,,
142,Brian Mullen,Chief Marketing Officer,InfluxData,https://www.youtube.com/watch?v=3EtoGjpoFjc,https://www.influxdata.com/,https://www.influxdata.com/,mapped_known_domain,high,https://www.linkedin.com/search/results/all/?keywords=Brian%20Mullen%20InfluxData,no,,
143,Arwa Kaddoura,Chief Revenue Officer,InfluxData,https://www.youtube.com/watch?v=3EtoGjpoFjc,https://www.influxdata.com/,https://www.influxdata.com/,mapped_known_domain,high,https://www.linkedin.com/search/results/all/?keywords=Arwa%20Kaddoura%20InfluxData,yes,https://www.influxdata.com/about/,2026-01-01
144,Chris Port,COO,Boomi,https://www.youtube.com/watch?v=Nilshpvyvy4,https://boomi.com/,https://boomi.com/,mapped_known_domain,high,https://www.linkedin.com/search/results/all/?keywords=Chris%20Port%20Boomi,no,,
145,Isabelle Guis,CMO,Commvault,https://www.youtube.com/watch?v=KYC_JGx5wkM,https://www.commvault.com/,https://www.commvault.com/,mapped_known_domain,high,https://www.linkedin.com/search/results/all/?keywords=Isabelle%20Guis%20Commvault,no,,
148,Carol Carpenter,Senior Vice President and Chief Marketing Officer,VMware,https://www.youtube.com/watch?v=5KcRXgaimYU,https://www.vmware.com/,https://www.vmware.com/,mapped_known_domain,high,https://www.linkedin.com/search/results/all/?keywords=Carol%20Carpenter%20VMware,no,,
149,Bill Largent,CEO,Veeam,https://www.youtube.com/watch?v=OdrhPIBgZoE,https://www.veeam.com/,https://www.veeam.com/,mapped_known_domain,high,https://www.linkedin.com/search/results/all/?keywords=Bill%20Largent%20Veeam,no,,
150,Jim Kruger,CMO,Veeam,https://www.youtube.com/watch?v=OdrhPIBgZoE,https://www.veeam.com/,https://www.veeam.com/,mapped_known_domain,high,https://www.linkedin.com/search/results/all/?keywords=Jim%20Kruger%20Veeam,no,,
151,Ajay Khanna,Chief Marketing Officer,Explorium,https://www.youtube.com/watch?v=PSzKHPpc16w,https://www.explorium.ai/,https://www.explorium.ai/,mapped_known_domain,high,https://www.linkedin.com/search/results/all/?keywords=Ajay%20Khanna%20Explorium,no,,
154,Maria Winans,CMO,Kyndryl,https://www.youtube.com/watch?v=1UbxgYV4uB0,https://www.kyndryl.com/in/en,https://www.kyndryl.com/in/en,mapped_known_domain,high,https://www.linkedin.com/search/results/all/?keywords=Maria%20Winans%20Kyndryl,yes,https://www.kyndryl.com/in/en/about-us/leadership,2026-01-01
155,John Maddison,CMO and EVP of Product,Fortinet,https://www.youtube.com/watch?v=b9nGNKqU2TM,https://www.fortinet.com/,https://www.fortinet.com/,mapped_known_domain,high,https://www.linkedin.com/search/results/all/?keywords=John%20Maddison%20Fortinet,no,,
156,Beth Davidson,CMO,Agero,https://www.youtube.com/watch?v=Qtb-UFbSbms,https://www.agero.com/,https://www.agero.com/,mapped_known_domain,high,https://www.linkedin.com/search/results/all/?keywords=Beth%20Davidson%20Agero,yes,https://www.agero.com/about-us,2026-01-01
157,Raj Behara,VP and CTO,Agero,https://www.youtube.com/watch?v=Qtb-UFbSbms,https://www.agero.com/,https://www.agero.com/,mapped_known_domain,high,https://www.linkedin.com/search/results/all/?keywords=Raj%20Behara%20Agero,no,,
158,Norman Guadagno,Chief Marketing Officer,Acoustic,https://www.youtube.com/watch?v=_1qsRRiJYjA,https://www.acoustic.com/,https://www.acoustic.com/,mapped_known_domain,high,https://www.linkedin.com/search/results/all/?keywords=Norman%20Guadagno%20Acoustic,no,,
159,Eric Herzog,Chief Marketing Officer & VP of Global Storage Channels,IBM,https://www.youtube.com/watch?v=IVAgRxRyCW8,https://www.ibm.com/in-en,https://www.ibm.com/in-en,mapped_known_domain,high,https://www.linkedin.com/search/results/all/?keywords=Eric%20Herzog%20IBM,no,,
161,Brian Reagan,CMO,Actifio,https://www.youtube.com/watch?v=SrEsTKDmgp0,https://www.actifio.com/,https://www.actifio.com/,mapped_known_domain,high,https://www.linkedin.com/search/results/all/?keywords=Brian%20Reagan%20Actifio,no,,
163,Marissa Freeman,Chief Brand Officer,HPE,https://www.youtube.com/watch?v=AlZt-HBtSeg,https://www.hpe.com/us/en/home.html,https://www.hpe.com/us/en/home.html,mapped_known_domain,high,https://www.linkedin.com/search/results/all/?keywords=Marissa%20Freeman%20HPE,no,,
165,Danny Allan,CTO,Veeam,https://www.youtube.com/watch?v=oqtF2KgkUMw,https://www.veeam.com/,https://www.veeam.com/,mapped_known_domain,high,https://www.linkedin.com/search/results/all/?keywords=Danny%20Allan%20Veeam,no,,
166,Michelle Peluso,SVP Digital Sales & Chief Marketing Officer,IBM,https://www.youtube.com/watch?v=PtpNCBu-hN4,https://www.ibm.com/in-en,https://www.ibm.com/in-en,mapped_known_domain,high,https://www.linkedin.com/search/results/all/?keywords=Michelle%20Peluso%20IBM,no,,
167,Peter Guagenti,Chief Marketing Officer,Cockroach Labs,https://www.youtube.com/watch?v=M_SkO9mYV2U,https://www.cockroachlabs.com/,https://www.cockroachlabs.com/,mapped_known_domain,high,https://www.linkedin.com/search/results/all/?keywords=Peter%20Guagenti%20Cockroach%20Labs,no,,
169,Brandon Nott,Senior Vice President of Product,UiPath,https://www.youtube.com/watch?v=SJFpjG_J6W0,https://www.uipath.com/,https://www.uipath.com/,mapped_known_domain,high,https://www.linkedin.com/search/results/all/?keywords=Brandon%20Nott%20UiPath,no,,
170,Paul Forte,Chief Revenue Officer,Actifio,https://www.youtube.com/watch?v=4j2KKxBBLv4,https://www.actifio.com/,https://www.actifio.com/,mapped_known_domain,high,https://www.linkedin.com/search/results/all/?keywords=Paul%20Forte%20Actifio,no,,
171,Mani Dasgupta,VP Marketing,IBM,https://www.youtube.com/watch?v=tQ9X6XYMOHU,https://www.ibm.com/in-en,https://www.ibm.com/in-en,mapped_known_domain,high,https://www.linkedin.com/search/results/all/?keywords=Mani%20Dasgupta%20IBM,no,,
172,Vittorio Viarengo,Interim CMO,McAfee,https://www.youtube.com/watch?v=thqcKGlovLM,https://www.mcafee.com:443/,https://www.mcafee.com:443/,mapped_known_domain,high,https://www.linkedin.com/search/results/all/?keywords=Vittorio%20Viarengo%20McAfee,no,,
173,Riadh Dridi,CMO,Automation Anywhere,https://www.youtube.com/watch?v=mwsWP9lxKrE,https://www.automationanywhere.com/,https://www.automationanywhere.com/,mapped_known_domain,high,https://www.linkedin.com/search/results/all/?keywords=Riadh%20Dridi%20Automation%20Anywhere,no,,
174,Karin Toubba,CEO,Kenna Security,https://www.youtube.com/watch?v=8NBAkJMA0sM,https://www.cisco.com/site/us/en/products/security/vulnerability-management/kenna-is-part-of-cisco/index.html,https://www.cisco.com/site/us/en/products/security/vulnerability-management/kenna-is-part-of-cisco/index.html,mapped_known_domain,high,https://www.linkedin.com/search/results/all/?keywords=Karin%20Toubba%20Kenna%20Security,no,,
175,Caroline Japic,CMO,Kenna Security,https://www.youtube.com/watch?v=8NBAkJMA0sM,https://www.cisco.com/site/us/en/products/security/vulnerability-management/kenna-is-part-of-cisco/index.html,https://www.cisco.com/site/us/en/products/security/vulnerability-management/kenna-is-part-of-cisco/index.html,mapped_known_domain,high,https://www.linkedin.com/search/results/all/?keywords=Caroline%20Japic%20Kenna%20Security,no,,
176,Eric Herzog,CMO & VP Global Channels,IBM Storage,https://www.youtube.com/watch?v=o-nsUQOrHTY,https://www.ibm.com/in-en,https://www.ibm.com/in-en,mapped_known_domain,high,https://www.linkedin.com/search/results/all/?keywords=Eric%20Herzog%20IBM%20Storage,no,,
180,Rick Vanover,Senior Director Product Strategy,Veeam,https://www.youtube.com/watch?v=ybSXkqKA0RQ,https://www.veeam.com/,https://www.veeam.com/,mapped_known_domain,high,https://www.linkedin.com/search/results/all/?keywords=Rick%20Vanover%20Veeam,no,,
182,Lynn Lucas,CMO,Cohesity,https://www.youtube.com/watch?v=jjK51ry0CZY,https://www.cohesity.com/,https://www.cohesity.com/,mapped_known_domain,high,https://www.linkedin.com/search/results/all/?keywords=Lynn%20Lucas%20Cohesity,no,,
183,Chandar Pattabhiram,CMO,Coupa,https://www.youtube.com/watch?v=yM2cpUc1vgY,,Company website not found - manual research required,not_found,low,https://www.linkedin.com/search/results/all/?keywords=Chandar%20Pattabhiram%20Coupa,no,,
184,Annie Weckesser,CMO,Uniphore,https://www.youtube.com/watch?v=RiobNN-i2dU,https://www.uniphore.com/,https://www.uniphore.com/,mapped_known_domain,high,https://www.linkedin.com/search/results/all/?keywords=Annie%20Weckesser%20Uniphore,no,,
185,Rip Gerber,Chief Marketing and Innovation Officer,Vlocity,https://www.youtube.com/watch?v=orXRpTBggLQ,https://www.salesforce.com/industries/?sfdc-redirect=384,https://www.salesforce.com/industries/?sfdc-redirect=384,verified_from_slug,medium,https://www.linkedin.com/search/results/all/?keywords=Rip%20Gerber%20Vlocity,no,,
186,Carrie Palin,CMO,Splunk,https://www.youtube.com/watch?v=byYQYnypDsc,https://www.splunk.com/,https://www.splunk.com/,mapped_known_domain,high,https://www.linkedin.com/search/results/all/?keywords=Carrie%20Palin%20Splunk,no,,
187,Scott Hebner,Vice President & CMO,IBM Data & AI,https://www.youtube.com/watch?v=AQw62zAq7Lw,https://www.ibm.com/in-en,https://www.ibm.com/in-en,mapped_known_domain,high,https://www.linkedin.com/search/results/all/?keywords=Scott%20Hebner%20IBM%20Data%20%26%20AI,no,,
189,Chris Powell,CMO,Commvault,https://www.youtube.com/watch?v=h1GPsSVcCMs,https://www.commvault.com/,https://www.commvault.com/,mapped_known_domain,high,https://www.linkedin.com/search/results/all/?keywords=Chris%20Powell%20Commvault,no,,
190,Gaidar Magdanurov,CMO & Chief Cyber Strategy Officer,Acronis,https://www.youtube.com/watch?v=8dzxiJ8sSKM,https://www.acronis.com/en/,https://www.acronis.com/en/,mapped_known_domain,high,https://www.linkedin.com/search/results/all/?keywords=Gaidar%20Magdanurov%20Acronis,no,,
192,Samantha Choi Cadley,CEO,Manual Labor Studio,https://www.youtube.com/watch?v=Q0_2N5hcBKo,https://www.manuallaborstudio.com/,https://www.manuallaborstudio.com/,verified_from_slug,medium,https://www.linkedin.com/search/results/all/?keywords=Samantha%20Choi%20Cadley%20Manual%20Labor%20Studio,no,,
193,Anna Griffin,CMO,Smartsheet,https://www.youtube.com/watch?v=LaZU2X5R6_E,https://www.smartsheet.com/,https://www.smartsheet.com/,mapped_known_domain,high,https://www.linkedin.com/search/results/all/?keywords=Anna%20Griffin%20Smartsheet,no,,
194,Will Corkery,SVP of Sales,Boomi,https://www.youtube.com/watch?v=dlbaoqFgZOo,https://boomi.com/,https://boomi.com/,mapped_known_domain,high,https://www.linkedin.com/search/results/all/?keywords=Will%20Corkery%20Boomi,no,,
195,Calline Sanchez,Vice President,IBM Worldwide Systems Lab Services,https://www.youtube.com/watch?v=DEHUqmEwFeg,https://www.ibm.com/in-en,https://www.ibm.com/in-en,mapped_known_domain,high,https://www.linkedin.com/search/results/all/?keywords=Calline%20Sanchez%20IBM%20Worldwide%20Systems%20Lab%20Services,no,,
196,Graham Breeze,Field CTO,Tintri by DDN,https://www.youtube.com/watch?v=jejNkMxPYJ0,https://www.ddn.com/,https://www.ddn.com/,mapped_known_domain,high,https://www.linkedin.com/search/results/all/?keywords=Graham%20Breeze%20Tintri%20by%20DDN,no,,
197,Mario Blandini,CMO & Chief Evangelist,Tintri by DDN,https://www.youtube.com/watch?v=jejNkMxPYJ0,https://www.ddn.com/,https://www.ddn.com/,mapped_known_domain,high,https://www.linkedin.com/search/results/all/?keywords=Mario%20Blandini%20Tintri%20by%20DDN,no,,
198,Todd Forsythe,CMO,Veritas,https://www.youtube.com/watch?v=cs-eHzSaCYU,https://www.veritas.com/,https://www.veritas.com/,mapped_known_domain,high,https://www.linkedin.com/search/results/all/?keywords=Todd%20Forsythe%20Veritas,no,,
200,Doc D’Errico,CMO,Infinidat,https://www.youtube.com/watch?v=dx4hSN5yyJw,https://www.infinidat.com/en,https://www.infinidat.com/en,mapped_known_domain,high,https://www.linkedin.com/search/results/all/?keywords=Doc%20D%E2%80%99Errico%20Infinidat,no,,
201,Robin Matlock,CMO,VMware,https://www.youtube.com/watch?v=ARukuXEJk5c,https://www.vmware.com/,https://www.vmware.com/,mapped_known_domain,high,https://www.linkedin.com/search/results/all/?keywords=Robin%20Matlock%20VMware,no,,
203,Gary Conway,CMO,Automation Anywhere,https://www.youtube.com/watch?v=L2Gw7W-Tov8,https://www.automationanywhere.com/,https://www.automationanywhere.com/,mapped_known_domain,high,https://www.linkedin.com/search/results/all/?keywords=Gary%20Conway%20Automation%20Anywhere,no,,
204,Gregory Ness,CMO,Tempered Networks,https://www.youtube.com/watch?v=0Joxcd6lhic,https://www.temperednetworks.com/,https://www.temperednetworks.com/,verified_from_slug,medium,https://www.linkedin.com/search/results/all/?keywords=Gregory%20Ness%20Tempered%20Networks,no,,
205,Ryan Kam,CMO,Five9,https://www.youtube.com/watch?v=Z8UOD28pZM4,https://www.five9.com/,https://www.five9.com/,mapped_known_domain,high,https://www.linkedin.com/search/results/all/?keywords=Ryan%20Kam%20Five9,no,,
206,Marie Hattar,CMO,Keysight,https://www.youtube.com/watch?v=h3y6qxOC7sE,,Company website not found - manual research required,not_found,low,https://www.linkedin.com/search/results/all/?keywords=Marie%20Hattar%20Keysight,no,,
207,Meagen Eisenberg,CMO,TripActions,https://www.youtube.com/watch?v=xjz-NWnIeJc,https://navan.com/,https://navan.com/,mapped_known_domain,high,https://www.linkedin.com/search/results/all/?keywords=Meagen%20Eisenberg%20TripActions,no,,
208,Murali Nemani,CMO,ScienceLogic,https://www.youtube.com/watch?v=R45wobxqmGs,https://sciencelogic.com/,https://sciencelogic.com/,mapped_known_domain,high,https://www.linkedin.com/search/results/all/?keywords=Murali%20Nemani%20ScienceLogic,no,,
209,Sally Jenkins,EVP & CMO,Informatica,https://www.youtube.com/watch?v=9jwu0Q878G0,https://www.informatica.com,https://www.informatica.com,mapped_known_domain,high,https://www.linkedin.com/search/results/all/?keywords=Sally%20Jenkins%20Informatica,no,,
210,Tim Minihan,CMO & EVP Strategy,Citrix,https://www.youtube.com/watch?v=0HZkD_sWNP4,https://www.citrix.com/,https://www.citrix.com/,mapped_known_domain,high,https://www.linkedin.com/search/results/all/?keywords=Tim%20Minihan%20Citrix,no,,
211,Alicia Tillman,CMO,SAP,https://www.youtube.com/watch?v=B3ZB0ymbXMk,,Company website not found - manual research required,not_found,low,https://www.linkedin.com/search/results/all/?keywords=Alicia%20Tillman%20SAP,no,,
212,Ben Gibson,Chief Marketing Officer,Nutanix,https://www.youtube.com/watch?v=fNZgmWb6008,https://www.nutanix.com/,https://www.nutanix.com/,mapped_known_domain,high,https://www.linkedin.com/search/results/all/?keywords=Ben%20Gibson%20Nutanix,no,,
213,Allison Dew,CMO,Dell Technologies,https://www.youtube.com/watch?v=bAEmtntOaRs,https://www.dell.com/en-in,https://www.dell.com/en-in,mapped_known_domain,high,https://www.linkedin.com/search/results/all/?keywords=Allison%20Dew%20Dell%20Technologies,no,,
214,Sara Varni,CMO,Twilio,https://www.youtube.com/watch?v=ddP43vhGcxA,https://www.twilio.com/en-us,https://www.twilio.com/en-us,mapped_known_domain,high,https://www.linkedin.com/search/results/all/?keywords=Sara%20Varni%20Twilio,no,,
215,Micheline Nijmeh,CMO,Zscaler,https://www.youtube.com/watch?v=9-15w8tfCqk,https://www.zscaler.com:443/,https://www.zscaler.com:443/,mapped_known_domain,high,https://www.linkedin.com/search/results/all/?keywords=Micheline%20Nijmeh%20Zscaler,no,,
217,Partha Seetala,Co-founder and CTO,Robin.io,https://www.youtube.com/watch?v=s7VaHEspI7E,https://www.robin.io/,https://www.robin.io/,mapped_known_domain,high,https://www.linkedin.com/search/results/all/?keywords=Partha%20Seetala%20Robin.io,no,,
218,Radhesh Menon,CMO,Robin.io,https://www.youtube.com/watch?v=s7VaHEspI7E,https://www.robin.io/,https://www.robin.io/,mapped_known_domain,high,https://www.linkedin.com/search/results/all/?keywords=Radhesh%20Menon%20Robin.io,no,,
219,Joyce Kim,CMO,Arm,https://www.youtube.com/watch?v=RDozwF6Ddn8,https://www.arm.com/,https://www.arm.com/,verified_from_slug,medium,https://www.linkedin.com/search/results/all/?keywords=Joyce%20Kim%20Arm,no,,
220,Tim Minahan,EVP of Business Strategy and CMO,Citrix,https://www.youtube.com/watch?v=GgG3bzKPYNw,https://www.citrix.com/,https://www.citrix.com/,mapped_known_domain,high,https://www.linkedin.com/search/results/all/?keywords=Tim%20Minahan%20Citrix,no,,
221,Joel Horwitz,CMO,WANdisco,https://www.youtube.com/watch?v=fq5Y4zkaXHU,https://cirata.com/,https://cirata.com/,mapped_known_domain,high,https://www.linkedin.com/search/results/all/?keywords=Joel%20Horwitz%20WANdisco,no,,
222,Steve Pappas,SVP and CMO,Panviva,https://www.youtube.com/watch?v=2JOc1cSQXrQ,https://uplandsoftware.com:443/panviva/,https://uplandsoftware.com:443/panviva/,verified_from_slug,medium,https://www.linkedin.com/search/results/all/?keywords=Steve%20Pappas%20Panviva,no,,
223,Dayna Rothman,VP of Marketing,Mesosphere,https://www.youtube.com/watch?v=vkbsWzV16kE,https://d2iq.com/,https://d2iq.com/,verified_from_mapping,high,https://www.linkedin.com/search/results/all/?keywords=Dayna%20Rothman%20Mesosphere,no,,
225,Tom Murphy,Chief Marketing Officer,Turbonomic,https://www.youtube.com/watch?v=DCE9aR2kga0,https://www.ibm.com/products/turbonomic,https://www.ibm.com/products/turbonomic,verified_from_mapping,high,https://www.linkedin.com/search/results/all/?keywords=Tom%20Murphy%20Turbonomic,no,,
226,Simon Townsend,Chief Marketing Officer EMEA,IGEL,https://www.youtube.com/watch?v=zhIAUxybAcE,https://www.igel.com/,https://www.igel.com/,verified_from_slug,medium,https://www.linkedin.com/search/results/all/?keywords=Simon%20Townsend%20IGEL,no,,
227,Jean English,Senior Vice President and Chief Marketing Officer,NetApp,https://www.youtube.com/watch?v=ualozF4rCog,https://www.netapp.com/,https://www.netapp.com/,mapped_known_domain,high,https://www.linkedin.com/search/results/all/?keywords=Jean%20English%20NetApp,yes,https://www.netapp.com/,2026-01-01
228,Brian Goldfarb,CMO,Splunk,https://www.youtube.com/watch?v=xVrJe4ncRQw,https://www.splunk.com/,https://www.splunk.com/,mapped_known_domain,high,https://www.linkedin.com/search/results/all/?keywords=Brian%20Goldfarb%20Splunk,no,,
229,Karen Leavitt,Chief Marketing Officer,Locus Robotics,https://www.youtube.com/watch?v=wra9Gi5iXd0,https://locusrobotics.com/,https://locusrobotics.com/,mapped_known_domain,high,https://www.linkedin.com/search/results/all/?keywords=Karen%20Leavitt%20Locus%20Robotics,yes,https://locusrobotics.com/company/leadership,2026-01-01
230,Meagen Eisenberg,CMO,MongoDB,https://www.youtube.com/watch?v=kiz_gFEP_7k,https://www.mongodb.com/,https://www.mongodb.com/,mapped_known_domain,high,https://www.linkedin.com/search/results/all/?keywords=Meagen%20Eisenberg%20MongoDB,no,,
231,Gil Levonai,Chief Marketing Officer,Zerto,https://www.youtube.com/watch?v=73jd9HMQUwg,https://www.zerto.com/,https://www.zerto.com/,mapped_known_domain,high,https://www.linkedin.com/search/results/all/?keywords=Gil%20Levonai%20Zerto,no,,
232,Boris Renski,Co Founder and CMO,Mirantis,https://www.youtube.com/watch?v=EcxoQizrOPw,https://www.mirantis.com/,https://www.mirantis.com/,mapped_known_domain,high,https://www.linkedin.com/search/results/all/?keywords=Boris%20Renski%20Mirantis,no,,
233,Kate Hutchison,Chief Marketing Officer,Veeam,https://www.youtube.com/watch?v=XBU2erWRwls,https://www.veeam.com/,https://www.veeam.com/,mapped_known_domain,high,https://www.linkedin.com/search/results/all/?keywords=Kate%20Hutchison%20Veeam,no,,
243,Nancy Pearson,CMO,IBM Cloud,https://www.youtube.com/watch?v=ndDYjJCfUBc,https://www.ibm.com/in-en,https://www.ibm.com/in-en,mapped_known_domain,high,https://www.linkedin.com/search/results/all/?keywords=Nancy%20Pearson%20IBM%20Cloud,no,,
244,John Bara,CMO & President,Mintigo,https://www.youtube.com/watch?v=bTSFqIFJqrs,,Company website not found - manual research required,not_found,low,https://www.linkedin.com/search/results/all/?keywords=John%20Bara%20Mintigo,no,,
245,Jack Norris,CMO,MapR,https://www.youtube.com/watch?v=RMGidzipxf8,,Company website not found - manual research required,not_found,low,https://www.linkedin.com/search/results/all/?keywords=Jack%20Norris%20MapR,no,,
246,Lynn Vojvodich,CMO,Salesforce,https://www.youtube.com/watch?v=uOscALSrGm0,https://www.salesforce.com/in/?ir=1,https://www.salesforce.com/in/?ir=1,mapped_known_domain,high,https://www.linkedin.com/search/results/all/?keywords=Lynn%20Vojvodich%20Salesforce,no,,
250,Eric Herzog,CMO & SVP of Alliances,Violin Memory,https://www.youtube.com/watch?v=CMzv71swatY,https://therealpostmen.com/contact,https://therealpostmen.com/contact,verified_from_slug,medium,https://www.linkedin.com/search/results/all/?keywords=Eric%20Herzog%20Violin%20Memory,no,,
252,David Gibson,CMO,Varonis,https://www.youtube.com/watch?v=DZ9aWxLSm5w,https://www.varonis.com/,https://www.varonis.com/,verified_from_slug,medium,https://www.linkedin.com/search/results/all/?keywords=David%20Gibson%20Varonis,no,,
262,Bruno Aziza,CMO,Alpine Data Labs,https://www.youtube.com/watch?v=QGK1smZGEkQ,,Company website not found - manual research required,not_found,low,https://www.linkedin.com/search/results/all/?keywords=Bruno%20Aziza%20Alpine%20Data%20Labs,no,,
263,Steve Sommer,CMO,Splunk,https://www.youtube.com/watch?v=cYCbdwppsng,https://www.splunk.com/,https://www.splunk.com/,mapped_known_domain,high,https://www.linkedin.com/search/results/all/?keywords=Steve%20Sommer%20Splunk,no,,
264,Elissa Fink,CMO,Tableau,https://www.youtube.com/watch?v=qLxbhk3U_7w,https://www.tableau.com/,https://www.tableau.com/,mapped_known_domain,high,https://www.linkedin.com/search/results/all/?keywords=Elissa%20Fink%20Tableau,no,,
265,Rick Jackson,CMO,Rackspace,https://www.youtube.com/watch?v=dQ25Nj6w8Bw,https://www.rackspace.com/en-in,https://www.rackspace.com/en-in,mapped_known_domain,high,https://www.linkedin.com/search/results/all/?keywords=Rick%20Jackson%20Rackspace,no,,
266,Beth Comstock,CMO,GE,https://www.youtube.com/watch?v=JCSQeVImbKQ,https://www.ge.com/,https://www.ge.com/,verified_from_slug,medium,https://www.linkedin.com/search/results/all/?keywords=Beth%20Comstock%20GE,no,,
269,Beth White,CMO,ServiceNow,https://www.youtube.com/watch?v=359buNsYgO4,https://www.servicenow.com/,https://www.servicenow.com/,verified_from_mapping,high,https://www.linkedin.com/search/results/all/?keywords=Beth%20White%20ServiceNow,yes,https://www.servicenow.com/products/it-operations-management.html,2026-01-01
272,Sanjay Sarathy,CMO,Sumo Logic,https://www.youtube.com/watch?v=xLzC7euPAyw,https://www.sumologic.com/,https://www.sumologic.com/,verified_from_slug,medium,https://www.linkedin.com/search/results/all/?keywords=Sanjay%20Sarathy%20Sumo%20Logic,no,,
276,Rick Jackson,CMO,VMware,https://www.youtube.com/watch?v=T8fSG4oK48U,https://www.vmware.com/,https://www.vmware.com/,verified_from_mapping,high,https://www.linkedin.com/search/results/all/?keywords=Rick%20Jackson%20VMware,no,,
277,Jeremy Burton,CMO,EMC,https://www.youtube.com/watch?v=P77PqfzhiLM,https://www.dell.com/en-in,https://www.dell.com/en-in,mapped_known_domain,high,https://www.linkedin.com/search/results/all/?keywords=Jeremy%20Burton%20EMC,no,,
279,David Parsons,VP - Global Alliances & CMO,CSC,https://www.youtube.com/watch?v=Ct9AcyRMrOo,https://dxc.com/?merger=true,https://dxc.com/?merger=true,verified_from_slug,medium,https://www.linkedin.com/search/results/all/?keywords=David%20Parsons%20CSC,no,,
282,Anubhav Saxena,CMO,HCL,https://www.youtube.com/watch?v=FNNStsNemyg,https://www.hcltech.com/,https://www.hcltech.com/,mapped_known_domain,high,https://www.linkedin.com/search/results/all/?keywords=Anubhav%20Saxena%20HCL,yes,https://www.hcltech.com/leadership,2026-01-01
283,—,Chief Marketing Officer,VMware,https://www.youtube.com/watch?v=v8VDv43SzAk,https://www.vmware.com/,https://www.vmware.com/,mapped_known_domain,high,https://www.linkedin.com/search/results/all/?keywords=%E2%80%94%20VMware,no,,
284,Lauren Flaherty,EVP & CMO,Juniper Networks,https://www.youtube.com/watch?v=MzTdmXmGYVs,https://www.juniper.net:443/,https://www.juniper.net:443/,mapped_known_domain,high,https://www.linkedin.com/search/results/all/?keywords=Lauren%20Flaherty%20Juniper%20Networks,no,,
287,Siki Giunta,VP of Cloud Division,CSC,https://www.youtube.com/watch?v=epdon21Mv6c,https://dxc.com/?merger=true,https://dxc.com/?merger=true,verified_from_slug,medium,https://www.linkedin.com/search/results/all/?keywords=Siki%20Giunta%20CSC,no,,
289,Dan Roger,Chief Marketing Officer,ServiceNow,https://www.youtube.com/watch?v=owPlKiH_qgk,https://www.servicenow.com/,https://www.servicenow.com/,mapped_known_domain,high,https://www.linkedin.com/search/results/all/?keywords=Dan%20Roger%20ServiceNow,no,,
294,Mark Boulton,CMO,IFS,https://www.youtube.com/watch?v=nKOhl6Ejejk,https://www.ifs.com/,https://www.ifs.com/,mapped_known_domain,high,https://www.linkedin.com/search/results/all/?keywords=Mark%20Boulton%20IFS,no,,
295,Antony Bourne,VP Global Industry Solutions,IFS,https://www.youtube.com/watch?v=nKOhl6Ejejk,https://www.ifs.com/,https://www.ifs.com/,mapped_known_domain,high,https://www.linkedin.com/search/results/all/?keywords=Antony%20Bourne%20IFS,no,,
296,Stefan Willkommer,CEO,TechDivision,https://www.youtube.com/watch?v=FerBo8ZdOsU,https://www.techdivision.com/,https://www.techdivision.com/,mapped_known_domain,high,https://www.linkedin.com/search/results/all/?keywords=Stefan%20Willkommer%20TechDivision,no,,
297,Dr. Markus Reheis,CMO,Gabor Shoes,https://www.youtube.com/watch?v=FerBo8ZdOsU,https://www.gabor.com/de_de,https://www.gabor.com/de_de,mapped_known_domain,high,https://www.linkedin.com/search/results/all/?keywords=Dr.%20Markus%20Reheis%20Gabor%20Shoes,no,,
299,Eric Herzog,CMO & VP of Global Channels,IBM Storage Systems,https://www.youtube.com/watch?v=VxHEPhLX-kE,https://www.ibm.com/in-en,https://www.ibm.com/in-en,mapped_known_domain,high,https://www.linkedin.com/search/results/all/?keywords=Eric%20Herzog%20IBM%20Storage%20Systems,no,,
301,Mike Errity,VP North America,IBM Resiliency Services,https://www.youtube.com/watch?v=qM4-UKzu05A,https://www.ibm.com/in-en,https://www.ibm.com/in-en,mapped_known_domain,high,https://www.linkedin.com/search/results/all/?keywords=Mike%20Errity%20IBM%20Resiliency%20Services,no,,
305,Eric Herzog,CMO & VP of Worldwide Storage Channels,IBM Storage Channels,https://www.youtube.com/watch?v=TrlGa3YEqDk,https://www.ibm.com/in-en,https://www.ibm.com/in-en,mapped_known_domain,high,https://www.linkedin.com/search/results/all/?keywords=Eric%20Herzog%20IBM%20Storage%20Channels,no,,
307,Dan Rogers,CMO,ServiceNow,https://www.youtube.com/watch?v=L0y_LZ3TaAU,https://www.servicenow.com/,https://www.servicenow.com/,mapped_known_domain,high,https://www.linkedin.com/search/results/all/?keywords=Dan%20Rogers%20ServiceNow,no,,
309,Robson Grieve,Chief Marketing Officer,New Relic Inc.,https://www.youtube.com/watch?v=A7s5rT6tQmY,https://newrelic.com/,https://newrelic.com/,mapped_known_domain,high,https://www.linkedin.com/search/results/all/?keywords=Robson%20Grieve%20New%20Relic%20Inc.,no,,
311,Nancy Pearson,CMO,OpenLink,https://www.youtube.com/watch?v=BC5m_miiVt8,https://openlinksw.com/,https://openlinksw.com/,mapped_known_domain,high,https://www.linkedin.com/search/results/all/?keywords=Nancy%20Pearson%20OpenLink,no,,
312,Lawrence Schwartz,CMO,SoftwareONE,https://www.youtube.com/watch?v=akdbPtQiZrg,https://www.softwareone.com/en-in,https://www.softwareone.com/en-in,mapped_known_domain,high,https://www.linkedin.com/search/results/all/?keywords=Lawrence%20Schwartz%20SoftwareONE,no,,
313,Simon West,CMO,Cyxtera,https://www.youtube.com/watch?v=gJmCYOQuroQ,https://www.csquare.com/,https://www.csquare.com/,mapped_known_domain,high,https://www.linkedin.com/search/results/all/?keywords=Simon%20West%20Cyxtera,no,,
314,Matt Morgan,CMO,Druva,https://www.youtube.com/watch?v=Wtc_A6NamgY,https://www.druva.com/,https://www.druva.com/,mapped_known_domain,high,https://www.linkedin.com/search/results/all/?keywords=Matt%20Morgan%20Druva,no,,
326,Josh Epstein,CMO,Kaminario,https://www.youtube.com/watch?v=tWNIGOII4AM,https://www.kaminario.com/,https://www.kaminario.com/,verified_from_slug,medium,https://www.linkedin.com/search/results/all/?keywords=Josh%20Epstein%20Kaminario,no,,
327,Eyal David,CTO,Kaminario,https://www.youtube.com/watch?v=tWNIGOII4AM,https://www.kaminario.com/,https://www.kaminario.com/,verified_from_slug,medium,https://www.linkedin.com/search/results/all/?keywords=Eyal%20David%20Kaminario,no,,
330,Matthew Morgan,CMO,Druva,https://www.youtube.com/watch?v=cf1vPcFW5to,https://www.druva.com/,https://www.druva.com/,mapped_known_domain,high,https://www.linkedin.com/search/results/all/?keywords=Matthew%20Morgan%20Druva,no,,
331,Jaspreet Singh,CEO,Druva,https://www.youtube.com/watch?v=cf1vPcFW5to,https://www.druva.com/,https://www.druva.com/,mapped_known_domain,high,https://www.linkedin.com/search/results/all/?keywords=Jaspreet%20Singh%20Druva,no,,
334,David Gee,CMO,Zuora,https://www.youtube.com/watch?v=tx1L51WXrc0,https://www.zuora.com:443/,https://www.zuora.com:443/,mapped_known_domain,high,https://www.linkedin.com/search/results/all/?keywords=David%20Gee%20Zuora,no,,
336,Itamar Ankorion,CMO,Attunity,https://www.youtube.com/watch?v=eUccjH2UYCU,,Company website not found - manual research required,not_found,low,https://www.linkedin.com/search/results/all/?keywords=Itamar%20Ankorion%20Attunity,no,,
337,Arvind Rajagopalan,Director - Global Technology Services,Verizon,https://www.youtube.com/watch?v=eUccjH2UYCU,https://www.verizon.com,https://www.verizon.com,mapped_known_domain,high,https://www.linkedin.com/search/results/all/?keywords=Arvind%20Rajagopalan%20Verizon,no,,
338,David Hseih,CMO,Qubole,https://www.youtube.com/watch?v=R666aLzZWT4,https://www.qubole.com/,https://www.qubole.com/,mapped_known_domain,high,https://www.linkedin.com/search/results/all/?keywords=David%20Hseih%20Qubole,no,,
339,Matt Howard,Executive VP & CMO,Sonatype,https://www.youtube.com/watch?v=R01xef1dYAg,https://www.sonatype.com/,https://www.sonatype.com/,mapped_known_domain,high,https://www.linkedin.com/search/results/all/?keywords=Matt%20Howard%20Sonatype,no,,
341,Jeremy Burton,CMO,Dell,https://www.youtube.com/watch?v=O7dYr7XP_dA,https://www.dell.com/en-in,https://www.dell.com/en-in,mapped_known_domain,high,https://www.linkedin.com/search/results/all/?keywords=Jeremy%20Burton%20Dell,no,,
343,Laura Ipsen,GM and SVP of Oracle Marketing Cloud,Oracle,https://www.youtube.com/watch?v=EsYl_Txwhac,,Company website not found - manual research required,not_found,low,https://www.linkedin.com/search/results/all/?keywords=Laura%20Ipsen%20Oracle,no,,
344,Kristen O'Hara,Chief Marketing Officer for Global Media,Time Warner,https://www.youtube.com/watch?v=EsYl_Txwhac,,Company website not found - manual research required,not_found,low,https://www.linkedin.com/search/results/all/?keywords=Kristen%20O%27Hara%20Time%20Warner,no,,
350,Ben Parr,Co-Founder & CMO,Octane AI,https://www.youtube.com/watch?v=riKER3eQixs,https://octaneai.com/,https://octaneai.com/,mapped_known_domain,high,https://www.linkedin.com/search/results/all/?keywords=Ben%20Parr%20Octane%20AI,no,,
351,Manish Gupta,Chief Marketing Officer,Redis Labs,https://www.youtube.com/watch?v=gCaYy-kYSeA,https://redis.io/,https://redis.io/,mapped_known_domain,high,https://www.linkedin.com/search/results/all/?keywords=Manish%20Gupta%20Redis%20Labs,no,,
353,Bobby Patrick,CMO,HPE Cloud,https://www.youtube.com/watch?v=RULJUGmz44k,https://www.hpe.com/us/en/home.html,https://www.hpe.com/us/en/home.html,mapped_known_domain,high,https://www.linkedin.com/search/results/all/?keywords=Bobby%20Patrick%20HPE%20Cloud,no,,
354,Randy Arseneau,CMO,INFINIDAT,https://www.youtube.com/watch?v=Eg3NCDVAITs,https://www.infinidat.com/en,https://www.infinidat.com/en,mapped_known_domain,high,https://www.linkedin.com/search/results/all/?keywords=Randy%20Arseneau%20INFINIDAT,no,,
358,Marie Hattar,CMO,Ixia,https://www.youtube.com/watch?v=22sAY8oHcBo,https://www.ixia.com/,https://www.ixia.com/,verified_from_slug,medium,https://www.linkedin.com/search/results/all/?keywords=Marie%20Hattar%20Ixia,no,,
361,Steve Pao,CMO,Igneous Systems,https://www.youtube.com/watch?v=cVhBBBLGFb8,https://www.rubrik.com/blog/company/20/12/rubrik-expands-unstructured-data-management-capabilities-with-igneous,https://www.rubrik.com/blog/company/20/12/rubrik-expands-unstructured-data-management-capabilities-with-igneous,mapped_known_domain,high,https://www.linkedin.com/search/results/all/?keywords=Steve%20Pao%20Igneous%20Systems,no,,
369,Randy Arsenau,CMO,INFINIDAT,https://www.youtube.com/watch?v=Xm4Y2hpkMv0,https://www.infinidat.com/en,https://www.infinidat.com/en,mapped_known_domain,high,https://www.linkedin.com/search/results/all/?keywords=Randy%20Arsenau%20INFINIDAT,no,,
370,Steve Kenniston,VP of Product Marketing,INFINIDAT,https://www.youtube.com/watch?v=Xm4Y2hpkMv0,https://www.infinidat.com/en,https://www.infinidat.com/en,mapped_known_domain,high,https://www.linkedin.com/search/results/all/?keywords=Steve%20Kenniston%20INFINIDAT,no,,
